X = [  7.25593248,   6.80046862,   7.62067088,   8.13592595,         8.77363084,   8.47025078,   9.1939183 ,   8.82661447,         9.23921361,   9.89909434,  10.20834869,  10.41754862,        10.74742705,  11.70504644,  10.1682433 ,  10.25221639,        10.0691682 ,  13.28665729,  13.48122757,  14.35006074,       -14.89309171, -13.57518305, -11.82162906, -12.67023139,       -10.34237334, -11.51560242, -10.26407185, -11.24298542,       -10.41198552, -10.10912156,  -9.9303801 ,  -9.38876288,        -9.39980219,  -8.95288483,  -9.95549784,  -8.21210777, -7.90598832,  -7.56473422,  -5.77796912,  -6.5908985 ,        -1.7975395 ,  -1.95514295,  -2.75380735,  -0.20603451,        -1.93011418,  -1.58835285,  -0.38754682,  -0.16963987,        -0.24902238,  -0.09571336,   0.15005178,   0.34626435,         1.30049189,   0.18797728,   0.49470811,   0.4669486 ,    2.23431796,   0.99983527,   2.08612714,   1.22212796]
r = [1.28952855e-01, 1.22764382e-01, 1.31921960e-01, 1.32844334e-01,       1.28631818e-01, 1.31357043e-01, 1.22856044e-01, 1.28027338e-01,       1.22106125e-01, 1.08835770e-01, 1.01420060e-01, 9.61113789e-02,       8.74311283e-02, 6.20271901e-02, 1.02413884e-01, 1.00323512e-01,       1.04830602e-01, 2.81485653e-02, 2.50557004e-02, 1.41543601e-02,       3.01116395e-14, 7.81138161e-13, 4.40735738e-11, 6.53314767e-12,       1.01456114e-09, 8.60261680e-11, 1.18969529e-09, 1.54727487e-10,       8.80130067e-10, 1.62711801e-09, 2.32724587e-09, 6.73577656e-09,       6.59358652e-09, 1.54719925e-08, 2.21357600e-09, 6.05768545e-08,       1.04598966e-07, 1.89952353e-07, 3.49632861e-06, 9.70928509e-07,       6.42317707e-04, 5.40304873e-04, 2.15567130e-04, 3.15550571e-03,       5.55452869e-04, 8.04624595e-04, 2.66930678e-03, 3.26173463e-03,       3.03390495e-03, 3.48706850e-03, 4.33524185e-03, 5.13345223e-03,       1.09866592e-02, 4.48068859e-03, 5.81704843e-03, 5.68369153e-03,       2.09757321e-02, 8.73950990e-03, 1.90527309e-02, 1.03605701e-02]